slit
m = [157.9434,  236.2089,  374.3404,  242.5976,  354.4613,  391.8927,  334.5015,  356.9765,  403.4059,  170.1290,  238.0919,  132.8187,  124.3184,  116.8671]
s = [148.486995360650,	216.008083256043,	251.961560807323,	180.966832028551,	219.410382335690,	300.906414711535,	208.086355927934,	274.324837063740,	278.904012039872,	161.483223792534,	246.263216013265,	105.213857327856,	94.5821032545681,	66.5773518525330]

sw
m = [226.9149,  314.8914,  188.9860,  363.9839,  318.0925,  686.8243,  340.8768,  734.6390,  266.1755,  524.5500,  146.2553,  211.9047,   93.3026,   95.9254]
s = [139.1565,  251.8106,  145.2850,  243.7314,  226.2398,  306.4975,  280.9143,  360.4109,  231.0070,  303.3806,  143.9727,  181.9718,   74.8189,   65.7750]

roll
m = [177.5131,  318.1732,  375.3895,  420.0300,  461.4426,  384.2799,  311.5155,  199.9746,  217.2713,  191.4339,  203.6464,  130.0615,   66.3220,   59.5028]
s = [105.0657,  225.1837,  271.4627,  281.7787,  330.1242,  252.9817,  239.3757,  162.8923,  175.3014,  129.3931,  103.6741,   78.6147,   45.8500,   35.3681]